id	clr	W
;;;;;;	1.3072246966906316	7
Bacteria;Bacteria;;;;;	5.285720246240863	19
Bacteria;Bacteria;Acidobacteriota;Blastocatellia;Blastocatellales;Blastocatellaceae;	268.91507132203026	180
Bacteria;Bacteria;Actinobacteriota;Acidimicrobiia;IMCC26256;;	6.905748271506124	122
Bacteria;Bacteria;Actinobacteriota;Acidimicrobiia;Microtrichales;Iamiaceae;Iamia	1.7368225937182142	61
Bacteria;Bacteria;Actinobacteriota;Acidimicrobiia;Microtrichales;Ilumatobacteraceae;	402.1641077971448	196
Bacteria;Bacteria;Actinobacteriota;Acidimicrobiia;Microtrichales;Microtrichaceae;IMCC26207	7.6785158158157	112
Bacteria;Bacteria;Actinobacteriota;Actinobacteria;;;	11.394792733899473	31
Bacteria;Bacteria;Actinobacteriota;Actinobacteria;Actinomycetales;Actinomycetaceae;Actinomyces	6.847534348577759	71
Bacteria;Bacteria;Actinobacteriota;Actinobacteria;Actinomycetales;Actinomycetaceae;Varibaculum	243.8163652997254	180
Bacteria;Bacteria;Actinobacteriota;Actinobacteria;Bifidobacteriales;Bifidobacteriaceae;	59.66099670524933	335
Bacteria;Bacteria;Actinobacteriota;Actinobacteria;Bifidobacteriales;Bifidobacteriaceae;Bifidobacterium	106.22617463381305	335
Bacteria;Bacteria;Actinobacteriota;Actinobacteria;Bifidobacteriales;Bifidobacteriaceae;Bombiscardovia	10.409663674959761	86
Bacteria;Bacteria;Actinobacteriota;Actinobacteria;Corynebacteriales;;	9.810346129307112	92
Bacteria;Bacteria;Actinobacteriota;Actinobacteria;Corynebacteriales;Corynebacteriaceae;Corynebacterium	8.196881656930849	82
Bacteria;Bacteria;Actinobacteriota;Actinobacteria;Corynebacteriales;Mycobacteriaceae;Mycobacterium	0.8421209853692373	45
Bacteria;Bacteria;Actinobacteriota;Actinobacteria;Corynebacteriales;Nocardiaceae;	2.573921276915178	39
Bacteria;Bacteria;Actinobacteriota;Actinobacteria;Corynebacteriales;Nocardiaceae;Gordonia	40.52525091208002	241
Bacteria;Bacteria;Actinobacteriota;Actinobacteria;Corynebacteriales;Nocardiaceae;Rhodococcus	1.6082914675314572	62
Bacteria;Bacteria;Actinobacteriota;Actinobacteria;Corynebacteriales;Nocardiaceae;Skermania	0.9876834147431177	55
Bacteria;Bacteria;Actinobacteriota;Actinobacteria;Corynebacteriales;Segniliparaceae;Segniliparus	1.8367132687586807	87
Bacteria;Bacteria;Actinobacteriota;Actinobacteria;Corynebacteriales;Tsukamurellaceae;Tsukamurella	420.2715781411637	290
Bacteria;Bacteria;Actinobacteriota;Actinobacteria;Frankiales;;	763.255970710426	234
Bacteria;Bacteria;Actinobacteriota;Actinobacteria;Frankiales;Frankiaceae;Jatrophihabitans	3.074737134628816	95
Bacteria;Bacteria;Actinobacteriota;Actinobacteria;Frankiales;Geodermatophilaceae;Modestobacter	3.1517283345433786	107
Bacteria;Bacteria;Actinobacteriota;Actinobacteria;Frankiales;Nakamurellaceae;Nakamurella	353.9953467438886	183
Bacteria;Bacteria;Actinobacteriota;Actinobacteria;Micrococcales;;	8.078336172703931	26
Bacteria;Bacteria;Actinobacteriota;Actinobacteria;Micrococcales;Beutenbergiaceae;Miniimonas	322.20519425589686	192
Bacteria;Bacteria;Actinobacteriota;Actinobacteria;Micrococcales;Bogoriellaceae;Georgenia	2.443101153613951	69
Bacteria;Bacteria;Actinobacteriota;Actinobacteria;Micrococcales;Cellulomonadaceae;Actinotalea	1.0825180021792897	48
Bacteria;Bacteria;Actinobacteriota;Actinobacteria;Micrococcales;Cellulomonadaceae;Cellulomonas	0.8794887753432974	54
Bacteria;Bacteria;Actinobacteriota;Actinobacteria;Micrococcales;Cellulomonadaceae;Oerskovia	1.4434019164129586	32
Bacteria;Bacteria;Actinobacteriota;Actinobacteria;Micrococcales;Cellulomonadaceae;Pseudactinotalea	639.205020114912	239
Bacteria;Bacteria;Actinobacteriota;Actinobacteria;Micrococcales;Demequinaceae;Demequina	1.0013375674565113	41
Bacteria;Bacteria;Actinobacteriota;Actinobacteria;Micrococcales;Intrasporangiaceae;	1169.8451671090136	289
Bacteria;Bacteria;Actinobacteriota;Actinobacteria;Micrococcales;Intrasporangiaceae;Oryzihumus	993.2044244749983	255
Bacteria;Bacteria;Actinobacteriota;Actinobacteria;Micrococcales;Microbacteriaceae;	12.742854731181808	121
Bacteria;Bacteria;Actinobacteriota;Actinobacteria;Micrococcales;Microbacteriaceae;Agrococcus	1.2313704624637924	16
Bacteria;Bacteria;Actinobacteriota;Actinobacteria;Micrococcales;Microbacteriaceae;Agromyces	2.057295584350663	72
Bacteria;Bacteria;Actinobacteriota;Actinobacteria;Micrococcales;Microbacteriaceae;Diaminobutyricimonas	3.1346934780416844	83
Bacteria;Bacteria;Actinobacteriota;Actinobacteria;Micrococcales;Microbacteriaceae;Glaciibacter	595.8584304528407	223
Bacteria;Bacteria;Actinobacteriota;Actinobacteria;Micrococcales;Microbacteriaceae;Leucobacter	267.6195902270232	225
Bacteria;Bacteria;Actinobacteriota;Actinobacteria;Micrococcales;Microbacteriaceae;Microbacterium	6.3712954137796025	24
Bacteria;Bacteria;Actinobacteriota;Actinobacteria;Micrococcales;Microbacteriaceae;Okibacterium	1.5322653595036977	29
Bacteria;Bacteria;Actinobacteriota;Actinobacteria;Micrococcales;Microbacteriaceae;Plantibacter	0.560489288859393	41
Bacteria;Bacteria;Actinobacteriota;Actinobacteria;Micrococcales;Micrococcaceae;	1.6463039189351147	6
Bacteria;Bacteria;Actinobacteriota;Actinobacteria;Micrococcales;Micrococcaceae;Arthrobacter	1.9240856414483023	66
Bacteria;Bacteria;Actinobacteriota;Actinobacteria;Micrococcales;Micrococcaceae;Citricoccus	560.5808426342387	215
Bacteria;Bacteria;Actinobacteriota;Actinobacteria;Micrococcales;Micrococcaceae;Glutamicibacter	23.488086703764658	199
Bacteria;Bacteria;Actinobacteriota;Actinobacteria;Micrococcales;Micrococcaceae;Kocuria	19.99916085665215	123
Bacteria;Bacteria;Actinobacteriota;Actinobacteria;Micrococcales;Micrococcaceae;Neomicrococcus	2.0607077069790947	15
Bacteria;Bacteria;Actinobacteriota;Actinobacteria;Micrococcales;Micrococcaceae;Paenarthrobacter	0.6661439547148287	33
Bacteria;Bacteria;Actinobacteriota;Actinobacteria;Micrococcales;Micrococcaceae;Pseudarthrobacter	1.1006392536799596	75
Bacteria;Bacteria;Actinobacteriota;Actinobacteria;Micrococcales;Micrococcaceae;Rothia	9.569705490364715	83
Bacteria;Bacteria;Actinobacteriota;Actinobacteria;Micrococcales;Micrococcales Incertae Sedis;Luteimicrobium	25.511283491866987	256
Bacteria;Bacteria;Actinobacteriota;Actinobacteria;Micrococcales;Micrococcales Incertae Sedis;Timonella	1.8193547252105506	24
Bacteria;Bacteria;Actinobacteriota;Actinobacteria;Micrococcales;Promicromonosporaceae;	358.4400289156165	299
Bacteria;Bacteria;Actinobacteriota;Actinobacteria;Micrococcales;Promicromonosporaceae;Cellulosimicrobium	1.7452018368205073	20
Bacteria;Bacteria;Actinobacteriota;Actinobacteria;Micrococcales;Promicromonosporaceae;Isoptericola	2.152472443584621	19
Bacteria;Bacteria;Actinobacteriota;Actinobacteria;Micrococcales;Promicromonosporaceae;Krasilnikoviella	0.6596293875335739	22
Bacteria;Bacteria;Actinobacteriota;Actinobacteria;Micrococcales;Promicromonosporaceae;Myceligenerans	586.1963442617887	216
Bacteria;Bacteria;Actinobacteriota;Actinobacteria;Micrococcales;Promicromonosporaceae;Xylanimicrobium	1.79439744652031	54
Bacteria;Bacteria;Actinobacteriota;Actinobacteria;Micrococcales;Promicromonosporaceae;Xylanimonas	2.0920447062251677	58
Bacteria;Bacteria;Actinobacteriota;Actinobacteria;Micrococcales;Rarobacteraceae;Rarobacter	576.3576490951848	222
Bacteria;Bacteria;Actinobacteriota;Actinobacteria;Micrococcales;Sanguibacteraceae;Sanguibacter-Flavimobilis	1.377188164167423	72
Bacteria;Bacteria;Actinobacteriota;Actinobacteria;Propionibacteriales;Nocardioidaceae;	0.8929926535079377	28
Bacteria;Bacteria;Actinobacteriota;Actinobacteria;Propionibacteriales;Nocardioidaceae;Marmoricola	272.94865817459936	181
Bacteria;Bacteria;Actinobacteriota;Actinobacteria;Propionibacteriales;Nocardioidaceae;Nocardioides	13.534297220556034	177
Bacteria;Bacteria;Actinobacteriota;Actinobacteria;Propionibacteriales;Propionibacteriaceae;	1.5897008485115887	55
Bacteria;Bacteria;Actinobacteriota;Actinobacteria;Propionibacteriales;Propionibacteriaceae;Marinilutecoccus	5.6773215844102305	108
Bacteria;Bacteria;Actinobacteriota;Actinobacteria;Propionibacteriales;Propionibacteriaceae;Propionicicella	5.494386398687318	96
Bacteria;Bacteria;Actinobacteriota;Actinobacteria;Propionibacteriales;Propionibacteriaceae;Propionicimonas	14.151107871321042	168
Bacteria;Bacteria;Actinobacteriota;Actinobacteria;Propionibacteriales;Propionibacteriaceae;Tessaracoccus	725.9518763168252	236
Bacteria;Bacteria;Actinobacteriota;Actinobacteria;Pseudonocardiales;Pseudonocardiaceae;Actinomycetospora	6.2484052553492635	123
Bacteria;Bacteria;Actinobacteriota;Actinobacteria;Pseudonocardiales;Pseudonocardiaceae;Crossiella	450.0931219051878	200
Bacteria;Bacteria;Actinobacteriota;Actinobacteria;Streptomycetales;Streptomycetaceae;	2.01616961303065	85
Bacteria;Bacteria;Actinobacteriota;Actinobacteria;Streptomycetales;Streptomycetaceae;Kitasatospora	4.1038662648813675	64
Bacteria;Bacteria;Actinobacteriota;Actinobacteria;Streptomycetales;Streptomycetaceae;Streptomyces	32.06270091321408	209
Bacteria;Bacteria;Actinobacteriota;Actinobacteria;Streptosporangiales;Thermomonosporaceae;	491.4375371477727	202
Bacteria;Bacteria;Actinobacteriota;Actinobacteria;Streptosporangiales;Thermomonosporaceae;Actinomadura	243.56376960746687	179
Bacteria;Bacteria;Actinobacteriota;Coriobacteriia;Coriobacteriales;;	1.8228713973617738	37
Bacteria;Bacteria;Actinobacteriota;Coriobacteriia;Coriobacteriales;Coriobacteriales Incertae Sedis;	2.4837311593680402	51
Bacteria;Bacteria;Actinobacteriota;Coriobacteriia;Coriobacteriales;Coriobacteriales Incertae Sedis;Phoenicibacter	18.120373044210318	134
Bacteria;Bacteria;Actinobacteriota;Coriobacteriia;Coriobacteriales;Coriobacteriales Incertae Sedis;Raoultibacter	2239.5222957177116	384
Bacteria;Bacteria;Actinobacteriota;Coriobacteriia;OPB41;;	4.79083945770447	118
Bacteria;Bacteria;Actinobacteriota;Thermoleophilia;Gaiellales;Gaiellaceae;Gaiella	243.8163652997254	180
Bacteria;Bacteria;Actinobacteriota;Thermoleophilia;Solirubrobacterales;67-14;	213.0538006750523	181
Bacteria;Bacteria;Actinobacteriota;Thermoleophilia;Solirubrobacterales;Solirubrobacteraceae;	3.665850668235732	101
Bacteria;Bacteria;Actinobacteriota;Thermoleophilia;Solirubrobacterales;Solirubrobacteraceae;Conexibacter	2.983430002436436	74
Bacteria;Bacteria;Actinobacteriota;Thermoleophilia;Solirubrobacterales;Solirubrobacteraceae;Solirubrobacter	248.19144751204104	180
Bacteria;Bacteria;Bacteroidota;Bacteroidia;;;	25.92963032982948	215
Bacteria;Bacteria;Bacteroidota;Bacteroidia;Bacteroidales;;	46.676381224950504	250
Bacteria;Bacteria;Bacteroidota;Bacteroidia;Bacteroidales;Bacteroidaceae;Bacteroides	31.301398987177286	238
Bacteria;Bacteria;Bacteroidota;Bacteroidia;Bacteroidales;Dysgonomonadaceae;	0.3521794761459609	40
Bacteria;Bacteria;Bacteroidota;Bacteroidia;Bacteroidales;Dysgonomonadaceae;Dysgonomonas	33.39620778129422	253
Bacteria;Bacteria;Bacteroidota;Bacteroidia;Bacteroidales;Dysgonomonadaceae;Proteiniphilum	0.43582531353696796	6
Bacteria;Bacteria;Bacteroidota;Bacteroidia;Bacteroidales;Paludibacteraceae;	3.8520472774627037	62
Bacteria;Bacteria;Bacteroidota;Bacteroidia;Bacteroidales;Paludibacteraceae;Paludibacter	1.1150576159851828	53
Bacteria;Bacteria;Bacteroidota;Bacteroidia;Bacteroidales;Porphyromonadaceae;	298.4963246470957	179
Bacteria;Bacteria;Bacteroidota;Bacteroidia;Bacteroidales;Porphyromonadaceae;Falsiporphyromonas	6.976168126141651	113
Bacteria;Bacteria;Bacteroidota;Bacteroidia;Bacteroidales;Prevotellaceae;	1.0090336135102314	48
Bacteria;Bacteria;Bacteroidota;Bacteroidia;Bacteroidales;Prevotellaceae;Prevotella_7	21.038891331362926	124
Bacteria;Bacteria;Bacteroidota;Bacteroidia;Bacteroidales;Prolixibacteraceae;WCHB1-32	308.0476377792339	179
Bacteria;Bacteria;Bacteroidota;Bacteroidia;Bacteroidales;Rikenellaceae;	1891.6724009701636	362
Bacteria;Bacteria;Bacteroidota;Bacteroidia;Bacteroidales;Rikenellaceae;Alistipes	857.804378237574	366
Bacteria;Bacteria;Bacteroidota;Bacteroidia;Bacteroidales;Rikenellaceae;Mucinivorans	274.3755511812892	182
Bacteria;Bacteria;Bacteroidota;Bacteroidia;Bacteroidales;Rikenellaceae;Rikenella	1.659034368291608	37
Bacteria;Bacteria;Bacteroidota;Bacteroidia;Bacteroidales;Rikenellaceae;Rikenellaceae RC9 gut group	241.27761736335606	182
Bacteria;Bacteria;Bacteroidota;Bacteroidia;Bacteroidales;Tannerellaceae;	16.26090773025122	200
Bacteria;Bacteria;Bacteroidota;Bacteroidia;Bacteroidales;Tannerellaceae;Candidatus Vestibaculum	1.3727418288269335	18
Bacteria;Bacteria;Bacteroidota;Bacteroidia;Bacteroidales;Tannerellaceae;Macellibacteroides	749.9057695689978	236
Bacteria;Bacteria;Bacteroidota;Bacteroidia;Bacteroidales;Williamwhitmaniaceae;	1.7479597023232356	27
Bacteria;Bacteria;Bacteroidota;Bacteroidia;Chitinophagales;Chitinophagaceae;Niabella	12.704075645592079	122
Bacteria;Bacteria;Bacteroidota;Bacteroidia;Cytophagales;Spirosomaceae;Persicitalea	248.19144751204104	180
Bacteria;Bacteria;Bacteroidota;Bacteroidia;Flavobacteriales;;	6.2484052553492635	123
Bacteria;Bacteria;Bacteroidota;Bacteroidia;Flavobacteriales;Crocinitomicaceae;Fluviicola	0.2920097866469324	17
Bacteria;Bacteria;Bacteroidota;Bacteroidia;Flavobacteriales;Flavobacteriaceae;	4.778442391321754	109
Bacteria;Bacteria;Bacteroidota;Bacteroidia;Flavobacteriales;Flavobacteriaceae;Flavobacterium	12.74402694277593	194
Bacteria;Bacteria;Bacteroidota;Bacteroidia;Flavobacteriales;Flavobacteriaceae;Gillisia	2.3684226791570167	88
Bacteria;Bacteria;Bacteroidota;Bacteroidia;Flavobacteriales;Flavobacteriaceae;Myroides	5.5090086278245085	98
Bacteria;Bacteria;Bacteroidota;Bacteroidia;Flavobacteriales;Weeksellaceae;Chryseobacterium	9.167880625023637	77
Bacteria;Bacteria;Bacteroidota;Bacteroidia;Flavobacteriales;Weeksellaceae;Elizabethkingia	351.5102019178033	205
Bacteria;Bacteria;Bacteroidota;Bacteroidia;Flavobacteriales;Weeksellaceae;Empedobacter	1.797733937865595	14
Bacteria;Bacteria;Bacteroidota;Bacteroidia;Sphingobacteriales;Sphingobacteriaceae;	2.8098009833258697	64
Bacteria;Bacteria;Bacteroidota;Bacteroidia;Sphingobacteriales;Sphingobacteriaceae;Solitalea	317.5775362652029	180
Bacteria;Bacteria;Bacteroidota;Bacteroidia;Sphingobacteriales;Sphingobacteriaceae;Sphingobacterium	53.219284379735804	243
Bacteria;Bacteria;Bdellovibrionota;Bdellovibrionia;Bacteriovoracales;Bacteriovoracaceae;Peredibacter	243.8163652997254	180
Bacteria;Bacteria;Bdellovibrionota;Oligoflexia;Oligoflexales;Oligoflexaceae;	254.0403984930396	182
Bacteria;Bacteria;Chloroflexi;;;;	280.332709334434	180
Bacteria;Bacteria;Chloroflexi;Chloroflexia;Thermomicrobiales;JG30-KF-CM45;	255.9740065195278	232
Bacteria;Bacteria;Cyanobacteria;Cyanobacteriia;;;	4.59467760125975	111
Bacteria;Bacteria;Cyanobacteria;Sericytochromatia;;;	4.59467760125975	111
Bacteria;Bacteria;Cyanobacteria;Vampirivibrionia;Gastranaerophilales;;	4.391854554628289	78
Bacteria;Bacteria;Cyanobacteria;Vampirivibrionia;Vampirovibrionales;Vampirovibrionaceae;Vampirovibrio	18.120373044210318	134
Bacteria;Bacteria;Deferribacterota;Deferribacteres;Deferribacterales;Deferribacteraceae;Mucispirillum	2.5830070263275386	35
Bacteria;Bacteria;Desulfobacterota;;;;	0.9372725043932366	41
Bacteria;Bacteria;Desulfobacterota;Desulfarculia;Desulfarculales;;	35.68013964283992	215
Bacteria;Bacteria;Desulfobacterota;Desulfobacteria;Desulfobacterales;;	1213.0187034918583	287
Bacteria;Bacteria;Desulfobacterota;Desulfovibrionia;Desulfovibrionales;;	0.5408713077526105	12
Bacteria;Bacteria;Desulfobacterota;Desulfovibrionia;Desulfovibrionales;Desulfovibrionaceae;	53.764165280933796	236
Bacteria;Bacteria;Desulfobacterota;Desulfovibrionia;Desulfovibrionales;Desulfovibrionaceae;Desulfovibrio	718.1084249962881	389
Bacteria;Bacteria;Desulfobacterota;Desulfovibrionia;Desulfovibrionales;Desulfovibrionaceae;Mailhella	243.56376960746687	179
Bacteria;Bacteria;Elusimicrobiota;Endomicrobia;Endomicrobiales;Endomicrobiaceae;Endomicrobium	2.38558707147263	93
Bacteria;Bacteria;Firmicutes;;;;	6.314355120311438	17
Bacteria;Bacteria;Firmicutes;BRH-c20a;;;	16.964372953134077	208
Bacteria;Bacteria;Firmicutes;Bacilli;;;	5.2363150499880895	22
Bacteria;Bacteria;Firmicutes;Bacilli;Acholeplasmatales;Acholeplasmataceae;	1.4830694477534347	57
Bacteria;Bacteria;Firmicutes;Bacilli;Acholeplasmatales;Acholeplasmataceae;DMI	2.8711939339484074	92
Bacteria;Bacteria;Firmicutes;Bacilli;Alicyclobacillales;Alicyclobacillaceae;Alicyclobacillus	10.128457238141062	123
Bacteria;Bacteria;Firmicutes;Bacilli;Bacillales;;	0.7848146831707917	7
Bacteria;Bacteria;Firmicutes;Bacilli;Bacillales;Bacillaceae;	26.74934454462452	241
Bacteria;Bacteria;Firmicutes;Bacilli;Bacillales;Bacillaceae;Bacillus	15.804829743005666	206
Bacteria;Bacteria;Firmicutes;Bacilli;Bacillales;Bacillaceae;Fictibacillus	2.38558707147263	93
Bacteria;Bacteria;Firmicutes;Bacilli;Bacillales;Bacillaceae;Halolactibacillus	46.727345869956345	254
Bacteria;Bacteria;Firmicutes;Bacilli;Bacillales;Bacillaceae;Paucisalibacillus	396.6968418070296	198
Bacteria;Bacteria;Firmicutes;Bacilli;Bacillales;Bacillaceae;Virgibacillus	34.343435220178776	236
Bacteria;Bacteria;Firmicutes;Bacilli;Bacillales;Planococcaceae;Caryophanon	322.20519425589686	192
Bacteria;Bacteria;Firmicutes;Bacilli;Bacillales;Planococcaceae;Chungangia	1.3749099876007607	63
Bacteria;Bacteria;Firmicutes;Bacilli;Bacillales;Planococcaceae;Lysinibacillus	2.268635279706449	109
Bacteria;Bacteria;Firmicutes;Bacilli;Bacillales;Planococcaceae;Psychrobacillus	2.3684226791570167	88
Bacteria;Bacteria;Firmicutes;Bacilli;Brevibacillales;Brevibacillaceae;Brevibacillus	7.6785158158157	112
Bacteria;Bacteria;Firmicutes;Bacilli;Entomoplasmatales;Spiroplasmataceae;Spiroplasma	4.780881694667	21
Bacteria;Bacteria;Firmicutes;Bacilli;Erysipelotrichales;;	4.6858567045767705	53
Bacteria;Bacteria;Firmicutes;Bacilli;Erysipelotrichales;Erysipelatoclostridiaceae;	16.225169901063104	197
Bacteria;Bacteria;Firmicutes;Bacilli;Erysipelotrichales;Erysipelatoclostridiaceae;Coprobacillus	1.3958712548552152	26
Bacteria;Bacteria;Firmicutes;Bacilli;Erysipelotrichales;Erysipelatoclostridiaceae;Erysipelatoclostridium	29.577382315386508	234
Bacteria;Bacteria;Firmicutes;Bacilli;Erysipelotrichales;Erysipelatoclostridiaceae;UCG-004	268.91507132203026	180
Bacteria;Bacteria;Firmicutes;Bacilli;Erysipelotrichales;Erysipelotrichaceae;	1.479511306851206	18
Bacteria;Bacteria;Firmicutes;Bacilli;Erysipelotrichales;Erysipelotrichaceae;Erysipelothrix	1.8476184190370946	14
Bacteria;Bacteria;Firmicutes;Bacilli;Erysipelotrichales;Erysipelotrichaceae;Turicibacter	54.00977148675577	294
Bacteria;Bacteria;Firmicutes;Bacilli;Erysipelotrichales;Erysipelotrichaceae;ZOR0006	0.5761991546415209	21
Bacteria;Bacteria;Firmicutes;Bacilli;Izemoplasmatales;;	1.1669648382004605	70
Bacteria;Bacteria;Firmicutes;Bacilli;Lactobacillales;;	2.0066776165620483	43
Bacteria;Bacteria;Firmicutes;Bacilli;Lactobacillales;Carnobacteriaceae;Carnobacterium	1.2939521591875167	30
Bacteria;Bacteria;Firmicutes;Bacilli;Lactobacillales;Enterococcaceae;	5.601427542911155	23
Bacteria;Bacteria;Firmicutes;Bacilli;Lactobacillales;Enterococcaceae;Enterococcus	9.12987014866767	162
Bacteria;Bacteria;Firmicutes;Bacilli;Lactobacillales;Lactobacillaceae;	62.052905489264006	419
Bacteria;Bacteria;Firmicutes;Bacilli;Lactobacillales;Lactobacillaceae;HT002	99.62473368090345	426
Bacteria;Bacteria;Firmicutes;Bacilli;Lactobacillales;Lactobacillaceae;Lacticaseibacillus	150.6166041023121	446
Bacteria;Bacteria;Firmicutes;Bacilli;Lactobacillales;Lactobacillaceae;Lactiplantibacillus	7.0465951510162474	32
Bacteria;Bacteria;Firmicutes;Bacilli;Lactobacillales;Lactobacillaceae;Lactobacillus	346.48715425372586	461
Bacteria;Bacteria;Firmicutes;Bacilli;Lactobacillales;Lactobacillaceae;Latilactobacillus	0.6860886894327958	35
Bacteria;Bacteria;Firmicutes;Bacilli;Lactobacillales;Lactobacillaceae;Lentilactobacillus	37.86917282629564	428
Bacteria;Bacteria;Firmicutes;Bacilli;Lactobacillales;Lactobacillaceae;Leuconostoc	6.244396934426603	44
Bacteria;Bacteria;Firmicutes;Bacilli;Lactobacillales;Lactobacillaceae;Levilactobacillus	3.2007295030699336	0
Bacteria;Bacteria;Firmicutes;Bacilli;Lactobacillales;Lactobacillaceae;Limosilactobacillus	92.40043843102907	443
Bacteria;Bacteria;Firmicutes;Bacilli;Lactobacillales;Lactobacillaceae;Loigolactobacillus	3.732933791372487	53
Bacteria;Bacteria;Firmicutes;Bacilli;Lactobacillales;Lactobacillaceae;Paucilactobacillus	15.769013705734935	115
Bacteria;Bacteria;Firmicutes;Bacilli;Lactobacillales;Lactobacillaceae;Schleiferilactobacillus	5.663810243919915	45
Bacteria;Bacteria;Firmicutes;Bacilli;Lactobacillales;Lactobacillaceae;Secundilactobacillus	93.05272428675246	416
Bacteria;Bacteria;Firmicutes;Bacilli;Lactobacillales;Lactobacillaceae;Weissella	7.565825916374958	68
Bacteria;Bacteria;Firmicutes;Bacilli;Lactobacillales;P5D1-392;	85.06029159053749	426
Bacteria;Bacteria;Firmicutes;Bacilli;Lactobacillales;Streptococcaceae;Lactococcus	14.669361084184088	158
Bacteria;Bacteria;Firmicutes;Bacilli;Lactobacillales;Streptococcaceae;Streptococcus	229.90157247969938	462
Bacteria;Bacteria;Firmicutes;Bacilli;Lactobacillales;Vagococcaceae;Vagococcus	2.6064955479703067	38
Bacteria;Bacteria;Firmicutes;Bacilli;Paenibacillales;Paenibacillaceae;	3.5852173836340313	82
Bacteria;Bacteria;Firmicutes;Bacilli;Paenibacillales;Paenibacillaceae;Ammoniphilus	243.8163652997254	180
Bacteria;Bacteria;Firmicutes;Bacilli;Paenibacillales;Paenibacillaceae;Paenibacillus	72.8668143916375	218
Bacteria;Bacteria;Firmicutes;Bacilli;RF39;;	233.52937027921854	302
Bacteria;Bacteria;Firmicutes;Bacilli;RsaHf231;;	3.568140156580592	101
Bacteria;Bacteria;Firmicutes;Bacilli;Staphylococcales;Staphylococcaceae;Macrococcus	167.22063757755808	429
Bacteria;Bacteria;Firmicutes;Bacilli;Staphylococcales;Staphylococcaceae;Staphylococcus	7.476621688881983	74
Bacteria;Bacteria;Firmicutes;Clostridia;;;	712.4164091487658	403
Bacteria;Bacteria;Firmicutes;Clostridia;Caldicoprobacterales;Caldicoprobacteraceae;Caldicoprobacter	3.110010778833572	56
Bacteria;Bacteria;Firmicutes;Clostridia;Christensenellales;Christensenellaceae;	147.2240236838205	367
Bacteria;Bacteria;Firmicutes;Clostridia;Christensenellales;Christensenellaceae;Christensenellaceae R-7 group	469.32584438541846	452
Bacteria;Bacteria;Firmicutes;Clostridia;Clostridia UCG-014;;	182.88143977867549	252
Bacteria;Bacteria;Firmicutes;Clostridia;Clostridia vadinBB60 group;;	21.06226904395396	221
Bacteria;Bacteria;Firmicutes;Clostridia;Clostridiales;Clostridiaceae;	2.3098384958347937	38
Bacteria;Bacteria;Firmicutes;Clostridia;Clostridiales;Clostridiaceae;Clostridium sensu stricto 1	334.8959649764215	194
Bacteria;Bacteria;Firmicutes;Clostridia;Clostridiales;Clostridiaceae;Clostridium sensu stricto 10	370.16022495044905	197
Bacteria;Bacteria;Firmicutes;Clostridia;Clostridiales;Clostridiaceae;Clostridium sensu stricto 13	4.177761112264819	104
Bacteria;Bacteria;Firmicutes;Clostridia;Clostridiales;Clostridiaceae;Clostridium sensu stricto 3	362.5570353303928	183
Bacteria;Bacteria;Firmicutes;Clostridia;Clostridiales;Clostridiaceae;Clostridium sensu stricto 7	3.8141545115489257	113
Bacteria;Bacteria;Firmicutes;Clostridia;Eubacteriales;;	2.591153338141938	53
Bacteria;Bacteria;Firmicutes;Clostridia;Eubacteriales;Anaerofustaceae;Anaerofustis	4.315658229298121	54
Bacteria;Bacteria;Firmicutes;Clostridia;Gracilibacteraceae;;	0.7066283254575013	35
Bacteria;Bacteria;Firmicutes;Clostridia;Gracilibacteraceae;Lutispora;	308.0476377792339	179
Bacteria;Bacteria;Firmicutes;Clostridia;Lachnospirales;;	1.5037656069552718	45
Bacteria;Bacteria;Firmicutes;Clostridia;Lachnospirales;Defluviitaleaceae;Defluviitaleaceae UCG-011	6.2484052553492635	123
Bacteria;Bacteria;Firmicutes;Clostridia;Lachnospirales;Lachnospiraceae;	163.32718137207956	354
Bacteria;Bacteria;Firmicutes;Clostridia;Lachnospirales;Lachnospiraceae;Anaerocolumna	4.59467760125975	111
Bacteria;Bacteria;Firmicutes;Clostridia;Lachnospirales;Lachnospiraceae;Anaerosporobacter	345.20864233829246	183
Bacteria;Bacteria;Firmicutes;Clostridia;Lachnospirales;Lachnospiraceae;Anaerostignum	2.4936031814534165	34
Bacteria;Bacteria;Firmicutes;Clostridia;Lachnospirales;Lachnospiraceae;Catenibacillus	336.1995913982002	180
Bacteria;Bacteria;Firmicutes;Clostridia;Lachnospirales;Lachnospiraceae;GCA-900066755	1.737895313622472	73
Bacteria;Bacteria;Firmicutes;Clostridia;Lachnospirales;Lachnospiraceae;Hespellia	1.5977782470234823	74
Bacteria;Bacteria;Firmicutes;Clostridia;Lachnospirales;Lachnospiraceae;Hungatella	1.1626377429028418	89
Bacteria;Bacteria;Firmicutes;Clostridia;Lachnospirales;Lachnospiraceae;Incertae Sedis	1.762621184618353	52
Bacteria;Bacteria;Firmicutes;Clostridia;Lachnospirales;Lachnospiraceae;Lachnoanaerobaculum	2.83516591288663	59
Bacteria;Bacteria;Firmicutes;Clostridia;Lachnospirales;Lachnospiraceae;Lachnoclostridium	2.1021259839866886	28
Bacteria;Bacteria;Firmicutes;Clostridia;Lachnospirales;Lachnospiraceae;Lachnospiraceae AC2044 group	0.9372725043932366	41
Bacteria;Bacteria;Firmicutes;Clostridia;Lachnospirales;Lachnospiraceae;Lachnospiraceae NK4A136 group	1.6665191681045244	83
Bacteria;Bacteria;Firmicutes;Clostridia;Lachnospirales;Lachnospiraceae;Lachnospiraceae UCG-001	298.4963246470957	179
Bacteria;Bacteria;Firmicutes;Clostridia;Lachnospirales;Lachnospiraceae;Lachnospiraceae UCG-010	0.5625853946012688	69
Bacteria;Bacteria;Firmicutes;Clostridia;Lachnospirales;Lachnospiraceae;Lachnospiraceae XPB1014 group	353.0344154637128	197
Bacteria;Bacteria;Firmicutes;Clostridia;Lachnospirales;Lachnospiraceae;Lactonifactor	2.457567219240771	29
Bacteria;Bacteria;Firmicutes;Clostridia;Lachnospirales;Lachnospiraceae;Mobilitalea	2.0542703382431773	41
Bacteria;Bacteria;Firmicutes;Clostridia;Lachnospirales;Lachnospiraceae;Roseburia	0.9409941513120945	51
Bacteria;Bacteria;Firmicutes;Clostridia;Lachnospirales;Lachnospiraceae;Sporobacterium	2.06312821568888	95
Bacteria;Bacteria;Firmicutes;Clostridia;Lachnospirales;Lachnospiraceae;Tuzzerella	0.5623173482601495	50
Bacteria;Bacteria;Firmicutes;Clostridia;Lachnospirales;Lachnospiraceae;Tyzzerella	737.1426529637929	328
Bacteria;Bacteria;Firmicutes;Clostridia;Lachnospirales;Lachnospiraceae;[Eubacterium] ventriosum group	326.9800113138639	182
Bacteria;Bacteria;Firmicutes;Clostridia;Lachnospirales;Lachnospiraceae;[Ruminococcus] torques group	0.5665065445598875	46
Bacteria;Bacteria;Firmicutes;Clostridia;Monoglobales;Monoglobaceae;Monoglobus	10.408718160816207	159
Bacteria;Bacteria;Firmicutes;Clostridia;Oscillospirales;;	343.900495304579	349
Bacteria;Bacteria;Firmicutes;Clostridia;Oscillospirales;Butyricicoccaceae;	5.338412225446667	104
Bacteria;Bacteria;Firmicutes;Clostridia;Oscillospirales;Butyricicoccaceae;Butyricicoccus	5.338412225446667	104
Bacteria;Bacteria;Firmicutes;Clostridia;Oscillospirales;Butyricicoccaceae;UCG-009	223.46890552631274	226
Bacteria;Bacteria;Firmicutes;Clostridia;Oscillospirales;Ethanoligenenaceae;	1.4708448726253391	22
Bacteria;Bacteria;Firmicutes;Clostridia;Oscillospirales;Ethanoligenenaceae;Acetanaerobacterium	2.9363592262277236	74
Bacteria;Bacteria;Firmicutes;Clostridia;Oscillospirales;Hungateiclostridiaceae;	12.956049506492175	200
Bacteria;Bacteria;Firmicutes;Clostridia;Oscillospirales;Hungateiclostridiaceae;Ruminiclostridium	4.421113946325402	96
Bacteria;Bacteria;Firmicutes;Clostridia;Oscillospirales;Hydrogenoanaerobacterium;	97.31844650259599	304
Bacteria;Bacteria;Firmicutes;Clostridia;Oscillospirales;Oscillospiraceae;	156.17840738855435	321
Bacteria;Bacteria;Firmicutes;Clostridia;Oscillospirales;Oscillospiraceae;Colidextribacter	3.1556331311945405	111
Bacteria;Bacteria;Firmicutes;Clostridia;Oscillospirales;Oscillospiraceae;Intestinimonas	1.656088292733237	52
Bacteria;Bacteria;Firmicutes;Clostridia;Oscillospirales;Oscillospiraceae;NK4A214 group	167.51404422595124	248
Bacteria;Bacteria;Firmicutes;Clostridia;Oscillospirales;Oscillospiraceae;Papillibacter	2.3387752786488982	28
Bacteria;Bacteria;Firmicutes;Clostridia;Oscillospirales;Oscillospiraceae;Sporobacter	2.006767598147351	49
Bacteria;Bacteria;Firmicutes;Clostridia;Oscillospirales;Oscillospiraceae;UCG-005	6.976168126141651	113
Bacteria;Bacteria;Firmicutes;Clostridia;Oscillospirales;Oscillospiraceae;V9D2013 group	1.6247945422329815	59
Bacteria;Bacteria;Firmicutes;Clostridia;Oscillospirales;Ruminococcaceae;	425.5416525385264	360
Bacteria;Bacteria;Firmicutes;Clostridia;Oscillospirales;Ruminococcaceae;Angelakisella	302.2655887707242	183
Bacteria;Bacteria;Firmicutes;Clostridia;Oscillospirales;Ruminococcaceae;Candidatus Soleaferrea	465.0476398119859	398
Bacteria;Bacteria;Firmicutes;Clostridia;Oscillospirales;Ruminococcaceae;Harryflintia	7.439368688363484	107
Bacteria;Bacteria;Firmicutes;Clostridia;Oscillospirales;Ruminococcaceae;Incertae Sedis	0.7261604423406818	33
Bacteria;Bacteria;Firmicutes;Clostridia;Oscillospirales;Ruminococcaceae;Paludicola	17.73606627566054	217
Bacteria;Bacteria;Firmicutes;Clostridia;Oscillospirales;Ruminococcaceae;Ruminococcus	1.2708848316632468	64
Bacteria;Bacteria;Firmicutes;Clostridia;Oscillospirales;UCG-010;	8.406926182342628	71
Bacteria;Bacteria;Firmicutes;Clostridia;Oscillospirales;[Clostridium] methylpentosum group;	0.5626863096264845	17
Bacteria;Bacteria;Firmicutes;Clostridia;Oscillospirales;[Eubacterium] coprostanoligenes group;	62.85522611228881	267
Bacteria;Bacteria;Firmicutes;Clostridia;Peptococcales;Peptococcaceae;	350.6138552223675	324
Bacteria;Bacteria;Firmicutes;Clostridia;Peptococcales;Peptococcaceae;Dehalobacterium	10.786949680611746	155
Bacteria;Bacteria;Firmicutes;Clostridia;Peptostreptococcales-Tissierellales;;	1.084354515695745	48
Bacteria;Bacteria;Firmicutes;Clostridia;Peptostreptococcales-Tissierellales;Anaerovoracaceae;	84.59861562410569	305
Bacteria;Bacteria;Firmicutes;Clostridia;Peptostreptococcales-Tissierellales;Anaerovoracaceae;Amnipila	2.2148168259355314	16
Bacteria;Bacteria;Firmicutes;Clostridia;Peptostreptococcales-Tissierellales;Anaerovoracaceae;Anaerovorax	32.71289000949496	222
Bacteria;Bacteria;Firmicutes;Clostridia;Peptostreptococcales-Tissierellales;Anaerovoracaceae;[Eubacterium] brachy group	30.85301648312867	201
Bacteria;Bacteria;Firmicutes;Clostridia;Peptostreptococcales-Tissierellales;Anaerovoracaceae;[Eubacterium] nodatum group	1.072653920386483	54
Bacteria;Bacteria;Firmicutes;Clostridia;Peptostreptococcales-Tissierellales;Peptostreptococcaceae;	1.1408984358942644	11
Bacteria;Bacteria;Firmicutes;Clostridia;Peptostreptococcales-Tissierellales;Peptostreptococcaceae;Clostridioides	6.79004278127614	87
Bacteria;Bacteria;Firmicutes;Clostridia;Peptostreptococcales-Tissierellales;Peptostreptococcaceae;Paeniclostridium	20.310381820472422	130
Bacteria;Bacteria;Firmicutes;Clostridia;Peptostreptococcales-Tissierellales;Peptostreptococcaceae;Paraclostridium	17.323320194868145	125
Bacteria;Bacteria;Firmicutes;Clostridia;Peptostreptococcales-Tissierellales;Peptostreptococcaceae;[Eubacterium] tenue group	281.41769140943916	181
Bacteria;Bacteria;Firmicutes;Desulfitobacteriia;Desulfitobacteriales;;	454.03314792088753	282
Bacteria;Bacteria;Firmicutes;Desulfitobacteriia;Desulfitobacteriales;Desulfitobacteriaceae;	0.9770285524196085	59
Bacteria;Bacteria;Firmicutes;Desulfitobacteriia;Desulfitobacteriales;Desulfitobacteriaceae;Desulfosporosinus	50.54927414959603	277
Bacteria;Bacteria;Firmicutes;Desulfitobacteriia;Desulfitobacteriales;Syntrophobotulaceae;	1.5461354163273737	18
Bacteria;Bacteria;Firmicutes;Desulfitobacteriia;Desulfitobacteriales;Syntrophobotulaceae;Candidatus Dichloromethanomonas	695.1251597198518	240
Bacteria;Bacteria;Firmicutes;Desulfitobacteriia;Desulfitobacteriales;Syntrophobotulaceae;Dehalobacter	0.911517388335216	33
Bacteria;Bacteria;Firmicutes;Desulfotomaculia;Desulfotomaculales;Pelotomaculaceae;	1.3111870291996617	56
Bacteria;Bacteria;Firmicutes;Desulfotomaculia;Desulfotomaculales;Pelotomaculaceae;Pelotomaculum	0.9518804322374864	41
Bacteria;Bacteria;Firmicutes;Incertae Sedis;DTU014;;	2.2044804161352576	73
Bacteria;Bacteria;Firmicutes;Limnochordia;Hydrogenispora;;	272.94865817459936	181
Bacteria;Bacteria;Firmicutes;Negativicutes;;;	0.9043158891882082	18
Bacteria;Bacteria;Firmicutes;Negativicutes;Veillonellales-Selenomonadales;;	0.7227743434882409	15
Bacteria;Bacteria;Firmicutes;Negativicutes;Veillonellales-Selenomonadales;Sporomusaceae;	604.3367665598173	257
Bacteria;Bacteria;Firmicutes;Negativicutes;Veillonellales-Selenomonadales;Sporomusaceae;Dendrosporobacter	3.259282276634351	65
Bacteria;Bacteria;Firmicutes;Negativicutes;Veillonellales-Selenomonadales;Sporomusaceae;Sporomusa	1.5871427916983	9
Bacteria;Bacteria;Firmicutes;Negativicutes;Veillonellales-Selenomonadales;Veillonellaceae;Veillonella	46.835639651858635	291
Bacteria;Bacteria;Firmicutes;Sulfobacillia;Sulfobacillales;Sulfobacillaceae;Sulfobacillus	12.704075645592079	122
Bacteria;Bacteria;Firmicutes;Syntrophomonadia;Syntrophomonadales;Syntrophomonadaceae;	1.776859484317886	50
Bacteria;Bacteria;Firmicutes;Syntrophomonadia;Syntrophomonadales;Syntrophomonadaceae;Pelospora	3.427881812911052	90
Bacteria;Bacteria;Firmicutes;Syntrophomonadia;Syntrophomonadales;Syntrophomonadaceae;Syntrophomonas	71.0060943191611	228
Bacteria;Bacteria;Fusobacteriota;Fusobacteriia;Fusobacteriales;Leptotrichiaceae;Leptotrichia	16.74789626128042	123
Bacteria;Bacteria;Halanaerobiaeota;Halanaerobiia;Halanaerobiales;Halobacteroidaceae;	317.5775362652029	180
Bacteria;Bacteria;Myxococcota;Myxococcia;Myxococcales;;	497.6543059175599	220
Bacteria;Bacteria;Myxococcota;Myxococcia;Myxococcales;Anaeromyxobacteraceae;Anaeromyxobacter	527.8917126139072	213
Bacteria;Bacteria;Myxococcota;Myxococcia;Myxococcales;Myxococcaceae;	17.391444362679202	157
Bacteria;Bacteria;Myxococcota;Myxococcia;Myxococcales;Myxococcaceae;Myxococcus	4.348152691492128	101
Bacteria;Bacteria;Myxococcota;Myxococcia;Myxococcales;Myxococcaceae;P3OB-42	336.1995913982002	180
Bacteria;Bacteria;Myxococcota;Myxococcia;Myxococcales;Myxococcaceae;Pyxidicoccus	18.120373044210318	134
Bacteria;Bacteria;Myxococcota;Myxococcia;Myxococcales;Vulgatibacteraceae;Vulgatibacter	602.2330557220287	216
Bacteria;Bacteria;Myxococcota;Polyangia;Haliangiales;Haliangiaceae;Haliangium	336.1995913982002	180
Bacteria;Bacteria;Myxococcota;Polyangia;Polyangiales;Polyangiaceae;Pajaroellobacter	241.27761736335606	182
Bacteria;Bacteria;Patescibacteria;;;;	9.903174290080846	138
Bacteria;Bacteria;Patescibacteria;Saccharimonadia;Saccharimonadales;;	416.45489607616406	366
Bacteria;Bacteria;Patescibacteria;Saccharimonadia;Saccharimonadales;Saccharimonadaceae;Candidatus Saccharimonas	63.470696393953865	266
Bacteria;Bacteria;Patescibacteria;Saccharimonadia;Saccharimonadales;Saccharimonadaceae;TM7a	1.4145887863977835	65
Bacteria;Bacteria;Planctomycetota;Planctomycetes;Isosphaerales;Isosphaeraceae;	4.59467760125975	111
Bacteria;Bacteria;Planctomycetota;Planctomycetes;Isosphaerales;Isosphaeraceae;Paludisphaera	3.5852173836340313	82
Bacteria;Bacteria;Planctomycetota;Planctomycetes;Isosphaerales;Isosphaeraceae;Singulisphaera	243.56376960746687	179
Bacteria;Bacteria;Planctomycetota;Planctomycetes;Planctomycetales;Schlesneriaceae;Planctopirus	268.91507132203026	180
Bacteria;Bacteria;Planctomycetota;vadinHA49;;;	112.94327081313901	323
Bacteria;Bacteria;Proteobacteria;;;;	1.945775229602168	41
Bacteria;Bacteria;Proteobacteria;Alphaproteobacteria;;;	69.62152406420063	257
Bacteria;Bacteria;Proteobacteria;Alphaproteobacteria;Acetobacterales;Acetobacteraceae;	4.3340948330759606	34
Bacteria;Bacteria;Proteobacteria;Alphaproteobacteria;Acetobacterales;Acetobacteraceae;Acetobacter	29.696737638619393	196
Bacteria;Bacteria;Proteobacteria;Alphaproteobacteria;Acetobacterales;Acetobacteraceae;Acidomonas	4.868917216156016	73
Bacteria;Bacteria;Proteobacteria;Alphaproteobacteria;Caulobacterales;Caulobacteraceae;Brevundimonas	7.6785158158157	112
Bacteria;Bacteria;Proteobacteria;Alphaproteobacteria;Caulobacterales;Caulobacteraceae;Caulobacter	2.14458233752837	74
Bacteria;Bacteria;Proteobacteria;Alphaproteobacteria;Caulobacterales;Caulobacteraceae;Phenylobacterium	1.7109873063099539	106
Bacteria;Bacteria;Proteobacteria;Alphaproteobacteria;Rhizobiales;;	25.264537307380103	199
Bacteria;Bacteria;Proteobacteria;Alphaproteobacteria;Rhizobiales;Beijerinckiaceae;	561.7017235143182	222
Bacteria;Bacteria;Proteobacteria;Alphaproteobacteria;Rhizobiales;Beijerinckiaceae;Bosea	0.8837302412494644	20
Bacteria;Bacteria;Proteobacteria;Alphaproteobacteria;Rhizobiales;Beijerinckiaceae;Camelimonas	0.6689192566646881	25
Bacteria;Bacteria;Proteobacteria;Alphaproteobacteria;Rhizobiales;Beijerinckiaceae;Methylobacterium-Methylorubrum	1.6979492901965654	77
Bacteria;Bacteria;Proteobacteria;Alphaproteobacteria;Rhizobiales;Beijerinckiaceae;Microvirga	434.87305209245073	218
Bacteria;Bacteria;Proteobacteria;Alphaproteobacteria;Rhizobiales;Devosiaceae;Devosia	1.54062409798197	65
Bacteria;Bacteria;Proteobacteria;Alphaproteobacteria;Rhizobiales;Labraceae;Labrys	1.512484927099616	73
Bacteria;Bacteria;Proteobacteria;Alphaproteobacteria;Rhizobiales;Rhizobiaceae;	73.10551400527943	328
Bacteria;Bacteria;Proteobacteria;Alphaproteobacteria;Rhizobiales;Rhizobiaceae;Allorhizobium-Neorhizobium-Pararhizobium-Rhizobium	1.3644203201564304	24
Bacteria;Bacteria;Proteobacteria;Alphaproteobacteria;Rhizobiales;Rhizobiaceae;Aminobacter	4.32458898772802	89
Bacteria;Bacteria;Proteobacteria;Alphaproteobacteria;Rhizobiales;Rhizobiaceae;Bartonella	1.7193915592958566	16
Bacteria;Bacteria;Proteobacteria;Alphaproteobacteria;Rhizobiales;Rhizobiaceae;Brucella	60.6395239247536	277
Bacteria;Bacteria;Proteobacteria;Alphaproteobacteria;Rhizobiales;Rhizobiaceae;Candidatus Tokpelaia	281.41769140943916	181
Bacteria;Bacteria;Proteobacteria;Alphaproteobacteria;Rhizobiales;Rhizobiaceae;Falsochrobactrum	0.8383959198873581	18
Bacteria;Bacteria;Proteobacteria;Alphaproteobacteria;Rhizobiales;Rhizobiaceae;Mesorhizobium	812.6723051533166	246
Bacteria;Bacteria;Proteobacteria;Alphaproteobacteria;Rhizobiales;Rhizobiaceae;Neorhizobium	450.0931219051878	200
Bacteria;Bacteria;Proteobacteria;Alphaproteobacteria;Rhizobiales;Rhizobiaceae;Ochrobactrum	1.3353928725619448	16
Bacteria;Bacteria;Proteobacteria;Alphaproteobacteria;Rhizobiales;Rhizobiaceae;Pseudaminobacter	59.3561755401406	269
Bacteria;Bacteria;Proteobacteria;Alphaproteobacteria;Rhizobiales;Rhizobiaceae;Pseudochrobactrum	16.48489969260312	197
Bacteria;Bacteria;Proteobacteria;Alphaproteobacteria;Rhizobiales;Rhizobiaceae;Shinella	2.3784718503234856	79
Bacteria;Bacteria;Proteobacteria;Alphaproteobacteria;Rhizobiales;Rhizobiales Incertae Sedis;Phreatobacter	1.409412395550404	59
Bacteria;Bacteria;Proteobacteria;Alphaproteobacteria;Rhizobiales;Xanthobacteraceae;	347.7581492779089	305
Bacteria;Bacteria;Proteobacteria;Alphaproteobacteria;Rhizobiales;Xanthobacteraceae;Afipia	1.0323541473635423	49
Bacteria;Bacteria;Proteobacteria;Alphaproteobacteria;Rhizobiales;Xanthobacteraceae;Nitrobacter	298.4963246470957	179
Bacteria;Bacteria;Proteobacteria;Alphaproteobacteria;Rhizobiales;Xanthobacteraceae;Oligotropha	1.409412395550404	59
Bacteria;Bacteria;Proteobacteria;Alphaproteobacteria;Rhizobiales;Xanthobacteraceae;Rhodoplanes	1.6833302396390464	41
Bacteria;Bacteria;Proteobacteria;Alphaproteobacteria;Rhodobacterales;Rhodobacteraceae;	9.571022709290638	103
Bacteria;Bacteria;Proteobacteria;Alphaproteobacteria;Rhodobacterales;Rhodobacteraceae;Amaricoccus	0.9645768749620123	58
Bacteria;Bacteria;Proteobacteria;Alphaproteobacteria;Rhodobacterales;Rhodobacteraceae;Gemmobacter	7.707376844106871	110
Bacteria;Bacteria;Proteobacteria;Alphaproteobacteria;Rhodobacterales;Rhodobacteraceae;Paenirhodobacter	2.141044081874795	81
Bacteria;Bacteria;Proteobacteria;Alphaproteobacteria;Rhodobacterales;Rhodobacteraceae;Paracoccus	94.33899389209768	321
Bacteria;Bacteria;Proteobacteria;Alphaproteobacteria;Rhodobacterales;Rhodobacteraceae;Pseudorhodobacter	430.2907311495934	209
Bacteria;Bacteria;Proteobacteria;Alphaproteobacteria;Rhodobacterales;Rhodobacteraceae;Rhodobacter	14.49429496276375	171
Bacteria;Bacteria;Proteobacteria;Alphaproteobacteria;Rhodobacterales;Rhodobacteraceae;Rhodobaculum	3.081957314311526	76
Bacteria;Bacteria;Proteobacteria;Alphaproteobacteria;Rhodobacterales;Rhodobacteraceae;Tabrizicola	1.2241160932918105	57
Bacteria;Bacteria;Proteobacteria;Alphaproteobacteria;Rhodobacterales;Rhodobacteraceae;Thioclava	2.228063737430954	69
Bacteria;Bacteria;Proteobacteria;Alphaproteobacteria;Rhodospirillales;;	2.1269857437098176	31
Bacteria;Bacteria;Proteobacteria;Alphaproteobacteria;Rickettsiales;Anaplasmataceae;Wolbachia	317.5775362652029	180
Bacteria;Bacteria;Proteobacteria;Alphaproteobacteria;Sphingomonadales;Sphingomonadaceae;	1.409412395550404	59
Bacteria;Bacteria;Proteobacteria;Alphaproteobacteria;Sphingomonadales;Sphingomonadaceae;Sphingobium	2.5685446969582744	82
Bacteria;Bacteria;Proteobacteria;Alphaproteobacteria;Sphingomonadales;Sphingomonadaceae;Sphingopyxis	2.048665005394884	97
Bacteria;Bacteria;Proteobacteria;Alphaproteobacteria;Tistrellales;Geminicoccaceae;Geminicoccus	3.689133771235023	95
Bacteria;Bacteria;Proteobacteria;Gammaproteobacteria;;;	14.556587004758354	179
Bacteria;Bacteria;Proteobacteria;Gammaproteobacteria;Burkholderiales;;	196.2158376971516	296
Bacteria;Bacteria;Proteobacteria;Gammaproteobacteria;Burkholderiales;Alcaligenaceae;Achromobacter	1.0783454531368637	14
Bacteria;Bacteria;Proteobacteria;Gammaproteobacteria;Burkholderiales;Alcaligenaceae;Advenella	0.8322638005870191	22
Bacteria;Bacteria;Proteobacteria;Gammaproteobacteria;Burkholderiales;Alcaligenaceae;Pigmentiphaga	295.396958077491	182
Bacteria;Bacteria;Proteobacteria;Gammaproteobacteria;Burkholderiales;Chitinibacteraceae;Andreprevotia	308.0476377792339	179
Bacteria;Bacteria;Proteobacteria;Gammaproteobacteria;Burkholderiales;Comamonadaceae;	12.347163741002253	193
Bacteria;Bacteria;Proteobacteria;Gammaproteobacteria;Burkholderiales;Comamonadaceae;Acidovorax	4.59467760125975	111
Bacteria;Bacteria;Proteobacteria;Gammaproteobacteria;Burkholderiales;Comamonadaceae;Comamonas	4.396881990695642	86
Bacteria;Bacteria;Proteobacteria;Gammaproteobacteria;Burkholderiales;Comamonadaceae;Diaphorobacter	44.85349534229519	209
Bacteria;Bacteria;Proteobacteria;Gammaproteobacteria;Burkholderiales;Comamonadaceae;Hydrogenophaga	895.9705390927519	246
Bacteria;Bacteria;Proteobacteria;Gammaproteobacteria;Burkholderiales;Comamonadaceae;Ottowia	1.748035830256441	90
Bacteria;Bacteria;Proteobacteria;Gammaproteobacteria;Burkholderiales;Comamonadaceae;Pseudorhodoferax	298.4963246470957	179
Bacteria;Bacteria;Proteobacteria;Gammaproteobacteria;Burkholderiales;Comamonadaceae;Ramlibacter	1.642905512993631	80
Bacteria;Bacteria;Proteobacteria;Gammaproteobacteria;Burkholderiales;Comamonadaceae;Variovorax	1.3111870291996617	56
Bacteria;Bacteria;Proteobacteria;Gammaproteobacteria;Burkholderiales;Comamonadaceae;Xylophilus	0.983823265136029	41
Bacteria;Bacteria;Proteobacteria;Gammaproteobacteria;Burkholderiales;Methylophilaceae;Methylophilus	7.6785158158157	112
Bacteria;Bacteria;Proteobacteria;Gammaproteobacteria;Burkholderiales;Neisseriaceae;	19.242303317549794	145
Bacteria;Bacteria;Proteobacteria;Gammaproteobacteria;Burkholderiales;Neisseriaceae;Snodgrassella	6.677619883662254	88
Bacteria;Bacteria;Proteobacteria;Gammaproteobacteria;Burkholderiales;Neisseriaceae;Uruburuella	3.7004360524701623	39
Bacteria;Bacteria;Proteobacteria;Gammaproteobacteria;Burkholderiales;Neisseriaceae;Vitreoscilla	1.9603549514718468	17
Bacteria;Bacteria;Proteobacteria;Gammaproteobacteria;Burkholderiales;Nitrosomonadaceae;	2.228063737430954	69
Bacteria;Bacteria;Proteobacteria;Gammaproteobacteria;Burkholderiales;Nitrosomonadaceae;Nitrosomonas	2.15771956093869	70
Bacteria;Bacteria;Proteobacteria;Gammaproteobacteria;Burkholderiales;Oxalobacteraceae;	7.8290231624700235	119
Bacteria;Bacteria;Proteobacteria;Gammaproteobacteria;Burkholderiales;Oxalobacteraceae;Candidatus Profftella	20.310381820472422	130
Bacteria;Bacteria;Proteobacteria;Gammaproteobacteria;Burkholderiales;Oxalobacteraceae;Oxalobacter	51.264592113521914	250
Bacteria;Bacteria;Proteobacteria;Gammaproteobacteria;Burkholderiales;Procabacteriaceae;Procabacter	3.459798125554187	92
Bacteria;Bacteria;Proteobacteria;Gammaproteobacteria;Burkholderiales;Rhodocyclaceae;	57.279158734254224	302
Bacteria;Bacteria;Proteobacteria;Gammaproteobacteria;Burkholderiales;Rhodocyclaceae;Azoarcus	186.2670553838431	314
Bacteria;Bacteria;Proteobacteria;Gammaproteobacteria;Burkholderiales;Rhodocyclaceae;Azovibrio	41.368741353962086	250
Bacteria;Bacteria;Proteobacteria;Gammaproteobacteria;Burkholderiales;Rhodocyclaceae;Candidatus Accumulibacter	2.2863089179563207	104
Bacteria;Bacteria;Proteobacteria;Gammaproteobacteria;Burkholderiales;Rhodocyclaceae;Dechloromonas	336.1995913982002	180
Bacteria;Bacteria;Proteobacteria;Gammaproteobacteria;Enterobacterales;;	1.5661916913179688	39
Bacteria;Bacteria;Proteobacteria;Gammaproteobacteria;Enterobacterales;Aeromonadaceae;	15.825969585568197	144
Bacteria;Bacteria;Proteobacteria;Gammaproteobacteria;Enterobacterales;Aeromonadaceae;Aeromonas	16.145311666582877	145
Bacteria;Bacteria;Proteobacteria;Gammaproteobacteria;Enterobacterales;Budviciaceae;Budvicia	243.56376960746687	179
Bacteria;Bacteria;Proteobacteria;Gammaproteobacteria;Enterobacterales;Enterobacteriaceae;	2.504507039431734	84
Bacteria;Bacteria;Proteobacteria;Gammaproteobacteria;Enterobacterales;Enterobacteriaceae;Cedecea	2.3659051421720454	0
Bacteria;Bacteria;Proteobacteria;Gammaproteobacteria;Enterobacterales;Enterobacteriaceae;Citrobacter	2.843139634919773	12
Bacteria;Bacteria;Proteobacteria;Gammaproteobacteria;Enterobacterales;Enterobacteriaceae;Cronobacter	447.9313947415732	208
Bacteria;Bacteria;Proteobacteria;Gammaproteobacteria;Enterobacterales;Enterobacteriaceae;Enterobacter	0.6646575306895378	2
Bacteria;Bacteria;Proteobacteria;Gammaproteobacteria;Enterobacterales;Enterobacteriaceae;Escherichia-Shigella	21.82459598593771	215
Bacteria;Bacteria;Proteobacteria;Gammaproteobacteria;Enterobacterales;Enterobacteriaceae;Klebsiella	26.37084480861631	163
Bacteria;Bacteria;Proteobacteria;Gammaproteobacteria;Enterobacterales;Enterobacteriaceae;Kosakonia	61.947543167215386	257
Bacteria;Bacteria;Proteobacteria;Gammaproteobacteria;Enterobacterales;Enterobacteriaceae;Pluralibacter	1.6720996051801924	16
Bacteria;Bacteria;Proteobacteria;Gammaproteobacteria;Enterobacterales;Enterobacteriaceae;Pseudocitrobacter	0.8654488249540291	1
Bacteria;Bacteria;Proteobacteria;Gammaproteobacteria;Enterobacterales;Enterobacteriaceae;Raoultella	0.5637672824807596	3
Bacteria;Bacteria;Proteobacteria;Gammaproteobacteria;Enterobacterales;Enterobacteriaceae;Salmonella	4.648663202635237	71
Bacteria;Bacteria;Proteobacteria;Gammaproteobacteria;Enterobacterales;Enterobacteriaceae;Trabulsiella	0.9056986937215017	0
Bacteria;Bacteria;Proteobacteria;Gammaproteobacteria;Enterobacterales;Enterobacteriaceae;Yokenella	2.642688110991151	3
Bacteria;Bacteria;Proteobacteria;Gammaproteobacteria;Enterobacterales;Erwiniaceae;	4.537295529349794	32
Bacteria;Bacteria;Proteobacteria;Gammaproteobacteria;Enterobacterales;MB19;	1.4355009524043114	2
Bacteria;Bacteria;Proteobacteria;Gammaproteobacteria;Enterobacterales;Morganellaceae;Incertae Sedis	1.3074738933155163	0
Bacteria;Bacteria;Proteobacteria;Gammaproteobacteria;Enterobacterales;Morganellaceae;Morganella	330.44325019243473	393
Bacteria;Bacteria;Proteobacteria;Gammaproteobacteria;Enterobacterales;Morganellaceae;Proteus	484.2650604598203	211
Bacteria;Bacteria;Proteobacteria;Gammaproteobacteria;Enterobacterales;Morganellaceae;Providencia	1.7939246288200394	11
Bacteria;Bacteria;Proteobacteria;Gammaproteobacteria;Enterobacterales;Pasteurellaceae;	18.120373044210318	134
Bacteria;Bacteria;Proteobacteria;Gammaproteobacteria;Enterobacterales;Pectobacteriaceae;Nissabacter	280.332709334434	180
Bacteria;Bacteria;Proteobacteria;Gammaproteobacteria;Enterobacterales;Pectobacteriaceae;Pectobacterium	5.249190258701318	14
Bacteria;Bacteria;Proteobacteria;Gammaproteobacteria;Enterobacterales;Shewanellaceae;	2.09512485186972	19
Bacteria;Bacteria;Proteobacteria;Gammaproteobacteria;Enterobacterales;Shewanellaceae;Shewanella	4.004241934662643	60
Bacteria;Bacteria;Proteobacteria;Gammaproteobacteria;Enterobacterales;Yersiniaceae;	3.586955871555723	43
Bacteria;Bacteria;Proteobacteria;Gammaproteobacteria;Enterobacterales;Yersiniaceae;Rahnella1	3.6831593955541084	34
Bacteria;Bacteria;Proteobacteria;Gammaproteobacteria;Enterobacterales;Yersiniaceae;Serratia	8.731677307772072	102
Bacteria;Bacteria;Proteobacteria;Gammaproteobacteria;Enterobacterales;Yersiniaceae;Yersinia	3.5043085298947916	7
Bacteria;Bacteria;Proteobacteria;Gammaproteobacteria;Legionellales;Legionellaceae;Legionella	9.339918412780044	125
Bacteria;Bacteria;Proteobacteria;Gammaproteobacteria;Pseudomonadales;;	1.795110103150666	67
Bacteria;Bacteria;Proteobacteria;Gammaproteobacteria;Pseudomonadales;Cellvibrionaceae;Cellvibrio	4.348152691492128	101
Bacteria;Bacteria;Proteobacteria;Gammaproteobacteria;Pseudomonadales;Moraxellaceae;	4.18916929979603	27
Bacteria;Bacteria;Proteobacteria;Gammaproteobacteria;Pseudomonadales;Moraxellaceae;Acinetobacter	34.957417425408345	280
Bacteria;Bacteria;Proteobacteria;Gammaproteobacteria;Pseudomonadales;Moraxellaceae;Enhydrobacter	664.172463599366	442
Bacteria;Bacteria;Proteobacteria;Gammaproteobacteria;Pseudomonadales;Moraxellaceae;Paraperlucidibaca	2.3856329261491616	24
Bacteria;Bacteria;Proteobacteria;Gammaproteobacteria;Pseudomonadales;Pseudomonadaceae;	2.1915234733886337	85
Bacteria;Bacteria;Proteobacteria;Gammaproteobacteria;Pseudomonadales;Pseudomonadaceae;Azomonas	1.6082914675314572	62
Bacteria;Bacteria;Proteobacteria;Gammaproteobacteria;Pseudomonadales;Pseudomonadaceae;Pseudomonas	4.021996730616402	60
Bacteria;Bacteria;Proteobacteria;Gammaproteobacteria;Xanthomonadales;Rhodanobacteraceae;	248.19144751204104	180
Bacteria;Bacteria;Proteobacteria;Gammaproteobacteria;Xanthomonadales;Rhodanobacteraceae;Dokdonella	362.5570353303928	183
Bacteria;Bacteria;Proteobacteria;Gammaproteobacteria;Xanthomonadales;Xanthomonadaceae;	1.6816612911015476	40
Bacteria;Bacteria;Proteobacteria;Gammaproteobacteria;Xanthomonadales;Xanthomonadaceae;Luteimonas	353.9953467438886	183
Bacteria;Bacteria;Proteobacteria;Gammaproteobacteria;Xanthomonadales;Xanthomonadaceae;Pseudoxanthomonas	1.476726692146124	52
Bacteria;Bacteria;Proteobacteria;Gammaproteobacteria;Xanthomonadales;Xanthomonadaceae;Stenotrophomonas	7.021245642181687	80
Bacteria;Bacteria;Rs-K70 termite group;;;;	125.74480129549627	296
Bacteria;Bacteria;Sumerlaeota;Sumerlaeia;Sumerlaeales;Sumerlaeaceae;Sumerlaea	280.332709334434	180
Bacteria;Bacteria;Synergistota;Synergistia;Synergistales;Synergistaceae;	2.8108714445233933	8
Bacteria;Bacteria;Synergistota;Synergistia;Synergistales;Synergistaceae;Candidatus Tammella	4.141961420406698	25
Bacteria;Bacteria;Synergistota;Synergistia;Synergistales;Synergistaceae;Synergistes	1.8407957489701015	48
Bacteria;Bacteria;Verrucomicrobiota;Verrucomicrobiae;Opitutales;Opitutaceae;Ereboglobus	308.0476377792339	179
